1 0.0328125 0.7734375 0.05859375 0.09296875
1 0.12578125 0.778125 0.09140625 0.096875
1 0.2265625 0.78203125 0.09296875 0.096875
1 0.321875 0.8046875 0.1234375 0.096875
1 0.0859375 0.66640625 0.05859375 0.053125
1 0.18203125 0.67421875 0.0765625 0.08203125
1 0.26328125 0.68359375 0.06640625 0.08671875
1 0.353125 0.68515625 0.0796875 0.08359375
1 0.45546875 0.81640625 0.09140625 0.09296875
1 0.53046875 0.69921875 0.16171875 0.125
1 0.565625 0.821875 0.09140625 0.0703125
1 0.96015625 0.85234375 0.0796875 0.11796875
1 0.95078125 0.715625 0.075 0.09140625