0 0.19140625 0.2109375 0.3828125 0.05
0 0.1859375 0.2828125 0.371875 0.0453125
0 0.18984375 0.3703125 0.3796875 0.06015625
0 0.19140625 0.44453125 0.3828125 0.0421875
0 0.18828125 0.5265625 0.3765625 0.06015625
0 0.18984375 0.603125 0.3796875 0.053125
0 0.2015625 0.06484375 0.403125 0.05
0 0.1859375 0.69296875 0.371875 0.06015625
0 0.1828125 0.77890625 0.36484375 0.0515625
0 0.18828125 0.86328125 0.3765625 0.06015625
0 0.18984375 0.953125 0.3796875 0.046875
0 0.19296875 0.134375 0.3859375 0.05625